Codon	1	2	3	4	5	6	7	8	9
AAA	19351	19433	20989	31317	20563	26575	19853	16145	15978
AAC	22688	20492	23282	24798	27031	19630	24907	23174	20629
AAG	44279	28505	29762	36719	35475	41331	32718	39821	42510
AAT	17375	11204	11781	12593	14691	11966	13668	11509	11015
ACA	11517	10749	9183	13574	7583	4848	6000	7708	5419
ACC	16235	14979	15947	16818	16626	13267	15931	18906	16703
ACG	4276	3426	2363	3064	2618	2419	2507	2497	2850
ACT	22804	18191	14883	17323	19022	15917	19105	18215	18393
AGA	24455	23346	21318	21441	19185	30311	30084	23736	29266
AGC	3903	5099	4787	3940	1894	3993	3203	3006	3663
AGG	2784	2885	3503	2419	1152	2631	2677	2028	3252
AGT	5227	4656	4436	4323	3066	5687	4612	4340	5290
ATA	11090	5798	6645	9005	2214	3523	3514	3971	3321
ATC	24162	22433	25186	17719	18951	21174	18176	19400	17409
ATG	23102	14399	16014	20057	72902	12278	8786	10086	10809
ATT	23230	18778	21579	16839	19534	22736	19491	21646	26304
CAA	29581	18089	20975	25381	19765	14898	23049	20985	19099
CAC	10059	7222	11094	12113	11261	4402	11253	9751	9143
CAG	5803	3657	3600	4157	4866	3555	4317	4160	4132
CAT	8233	5485	5936	6647	7808	2586	7010	5918	5670
CCA	21495	14576	18235	20085	25840	23501	23305	26661	18675
CCC	1894	2730	6373	2918	3051	2162	2462	2260	2189
CCG	2427	1655	1540	1805	2476	1890	1613	1599	1651
CCT	6897	5645	7331	7250	11558	5588	8138	6735	7648
CGA	1162	787	783	566	262	231	557	461	616
CGC	1178	768	907	1000	517	722	873	696	909
CGG	557	367	491	338	685	171	433	446	782
CGT	8656	6503	7868	6028	6588	5027	10812	6760	11506
CTA	8264	7413	13454	6887	4497	5672	6670	6960	5597
CTC	1601	1568	2335	1963	1194	1684	1599	2360	1765
CTG	4617	3424	3928	3671	3019	3821	3824	3624	4890
CTT	4570	3618	4681	4395	3703	3868	4804	5068	5243
GAA	19008	46161	30403	37254	31095	42076	33254	38776	34954
GAC	11456	19388	17519	19510	18771	18898	18900	18065	16455
GAG	5283	8577	5509	6318	6725	9669	6502	10812	7750
GAT	12509	24578	20026	20689	25166	20237	19755	19724	22560
GCA	4936	9036	10311	7615	4606	8182	5301	5844	6017
GCC	7970	21142	19570	22555	15659	19399	16390	15027	19166
GCG	1388	2615	1890	2218	1172	1791	1557	2078	2226
GCT	16673	40258	33167	33496	31641	32780	34080	35142	37798
GGA	2153	5548	3668	3126	3069	3243	3056	2658	3767
GGC	2266	5369	5117	4118	4091	5039	5213	3465	5882
GGG	1802	3838	1741	1973	2119	2729	1733	1658	2532
GGT	16144	40645	33218	33227	35284	37267	33081	27375	43604
GTA	2223	4254	4634	3373	2288	3680	3098	3496	3413
GTC	10924	20700	20224	15206	10659	16470	15729	19679	17539
GTG	4271	5478	4559	3929	3947	4318	3942	4127	5304
GTT	15055	27166	26357	20508	15961	22521	22755	28655	29431
TAA	7557	8444	1545	1422	238	985	2216	1712	1301
TAC	13399	11576	14184	13964	10720	17136	16507	15016	10617
TAG	1414	1691	754	102	28	99	232	290	293
TAT	14858	8029	6453	6148	5516	7850	6947	7491	5536
TCA	10809	8154	8523	6877	5943	8217	8000	8329	7216
TCC	16974	12003	16075	14805	15143	21031	19149	13775	12907
TCG	5061	3108	2617	2845	2588	3521	3358	3262	3291
TCT	29917	19731	21247	20996	26227	31960	27194	24275	20374
TGA	1668	1810	1457	106	95	148	380	294	513
TGC	2035	1739	1988	1540	1606	1172	1794	1606	2187
TGG	7435	5041	5417	5458	3345	3013	6483	4813	10760
TGT	6053	4824	4923	3757	5159	2628	4900	4313	5844
TTA	16190	11110	14804	15114	11721	15500	15641	20678	12776
TTC	22408	16359	23192	18568	14928	18688	20248	21328	15188
TTG	42959	26528	28952	28776	28613	33791	36348	34799	32970
TTT	15760	9250	10797	9284	8310	9928	12336	12836	9533
