Codon	1	2	3	4	5	6	7	8	9
AAA	19344	19434	20997	31311	20558	26560	19860	16143	15993
AAC	22696	20489	23312	24773	27030	19628	24904	23171	20639
AAG	44264	28508	29757	36746	35472	41328	32703	39814	42509
AAT	17371	11220	11777	12605	14672	11978	13670	11507	11009
ACA	11510	10736	9167	13563	7585	4852	5995	7724	5387
ACC	16236	14985	15945	16822	16627	13272	15927	18906	16703
ACG	4278	3430	2367	3062	2617	2417	2511	2489	2843
ACT	22822	18171	14876	17313	19028	15912	19101	18225	18383
AGA	24452	23346	21319	21438	19187	30300	30100	23734	29254
AGC	3908	5119	4769	3932	1894	3990	3206	3007	3661
AGG	2783	2886	3508	2417	1153	2630	2683	2030	3253
AGT	5226	4652	4438	4321	3068	5689	4608	4336	5288
ATA	11065	5797	6652	9004	2216	3522	3511	3974	3319
ATC	24153	22439	25179	17718	18958	21170	18206	19372	17412
ATG	23104	14400	16008	20043	72905	12277	8780	10094	10802
ATT	23234	18774	21580	16844	19525	22744	19491	21645	26312
CAA	29581	18092	20978	25386	19761	14898	23054	20988	19096
CAC	10055	7229	11087	12119	11262	4397	11243	9737	9155
CAG	5804	3659	3595	4160	4866	3556	4302	4166	4138
CAT	8246	5494	5934	6647	7807	2579	7005	5922	5670
CCA	21493	14569	18253	20082	25837	23497	23303	26671	18667
CCC	1901	2723	6354	2923	3051	2160	2468	2251	2193
CCG	2426	1661	1540	1801	2474	1883	1613	1606	1649
CCT	6893	5640	7336	7256	11554	5574	8139	6735	7648
CGA	1160	786	776	568	264	231	554	460	616
CGC	1173	770	901	1006	511	722	878	694	910
CGG	556	369	492	350	664	175	447	444	803
CGT	8650	6503	7886	6043	6581	5024	10816	6750	11512
CTA	8279	7417	13453	6881	4490	5669	6669	6949	5598
CTC	1589	1564	2339	1950	1195	1682	1598	2370	1758
CTG	4622	3426	3922	3668	3005	3818	3830	3620	4895
CTT	4566	3610	4684	4394	3707	3875	4805	5068	5248
GAA	19000	46161	30401	37258	31101	42085	33260	38775	34957
GAC	11461	19389	17517	19506	18771	18898	18903	18074	16468
GAG	5276	8574	5523	6322	6719	9675	6499	10809	7748
GAT	12510	24575	20023	20689	25162	20236	19755	19722	22570
GCA	4939	9026	10308	7607	4616	8177	5304	5844	6018
GCC	7976	21143	19569	22556	15673	19416	16391	15027	19167
GCG	1389	2617	1880	2210	1173	1791	1555	2081	2226
GCT	16667	40253	33179	33501	31645	32781	34079	35130	37782
GGA	2156	5549	3661	3126	3072	3242	3050	2662	3765
GGC	2274	5370	5122	4114	4085	5040	5208	3465	5876
GGG	1789	3839	1747	1973	2147	2705	1731	1659	2531
GGT	16150	40644	33219	33221	35282	37277	33085	27373	43590
GTA	2224	4251	4636	3371	2289	3680	3097	3498	3417
GTC	10926	20700	20222	15198	10653	16474	15726	19674	17537
GTG	4273	5476	4563	3932	3949	4318	3945	4128	5297
GTT	15050	27164	26332	20485	15963	22531	22762	28665	29421
TAA	7570	8427	1545	1426	236	1009	2192	1710	1299
TAC	13399	11575	14188	13967	10711	17135	16510	15015	10610
TAG	1413	1691	754	102	27	100	232	291	291
TAT	14843	8017	6450	6166	5529	7848	6944	7491	5534
TCA	10802	8139	8524	6864	5946	8220	7987	8340	7212
TCC	16978	12007	16076	14817	15145	21040	19144	13764	12916
TCG	5060	3109	2613	2842	2584	3517	3359	3270	3276
TCT	29915	19745	21250	21005	26235	31973	27173	24260	20366
TGA	1675	1808	1455	107	99	146	378	291	508
TGC	2035	1732	1983	1542	1593	1175	1792	1607	2198
TGG	7438	5040	5417	5451	3342	3009	6480	4810	10789
TGT	6056	4826	4920	3750	5156	2625	4905	4308	5857
TTA	16185	11108	14803	15122	11725	15487	15646	20685	12776
TTC	22408	16364	23198	18572	14927	18684	20278	21337	15199
TTG	42960	26533	28953	28774	28613	33793	36346	34799	32967
TTT	15770	9257	10795	9285	8315	9911	12311	12841	9516
